10 2
10 66 62 95 17 45 74 4 52 67
0 78 4 45 12 11 83 64 5 12 45
78 0 24 97 34 14 86 82 17 64 92
4 24 0 13 63 51 54 44 76 61 53
45 97 13 0 40 90 55 47 97 83 90
12 34 63 40 0 64 65 50 42 14 8
11 14 51 90 64 0 53 60 79 45 5
83 86 54 55 65 53 0 29 64 80 74
64 82 44 47 50 60 29 0 89 48 56
5 17 76 97 42 79 64 89 0 48 89
12 64 61 83 14 45 80 48 48 0 61
45 92 53 90 8 5 74 56 89 61 0
