15 2
46 31 87 63 11 34 56 5 75 51 15 25 84 71 40
0 33 36 17 100 81 69 4 60 97 20 27 73 64 17 82
33 0 10 28 21 77 87 61 57 92 83 63 15 27 19 15
36 10 0 19 32 28 66 31 30 88 12 2 31 78 41 11
17 28 19 0 89 81 38 84 11 30 33 37 3 22 84 100
100 21 32 89 0 85 45 0 88 25 86 90 89 23 18 25
81 77 28 81 85 0 12 75 44 8 56 5 35 83 49 82
69 87 66 38 45 12 0 0 59 73 87 14 23 36 26 43
4 61 31 84 0 75 0 0 3 39 58 95 46 22 48 4
60 57 30 11 88 44 59 3 0 34 58 82 66 53 44 38
97 92 88 30 25 8 73 39 34 0 34 65 4 76 36 21
20 83 12 33 86 56 87 58 58 34 0 61 78 60 74 61
27 63 2 37 90 5 14 95 82 65 61 0 86 2 3 41
73 15 31 3 89 35 23 46 66 4 78 86 0 24 0 46
64 27 78 22 23 83 36 22 53 76 60 2 24 0 31 56
17 19 41 84 18 49 26 48 44 36 74 3 0 31 0 1
82 15 11 100 25 82 43 4 38 21 61 41 46 56 1 0
