20 2
11 41 25 70 58 54 40 56 1 93 67 5 93 39 30 85 20 83 23 53
0 97 79 26 6 47 89 92 87 23 65 94 47 33 75 1 50 73 35 62 7
97 0 79 2 38 24 72 25 24 67 70 2 20 0 26 52 28 2 28 71 40
79 79 0 42 37 95 27 35 68 77 24 18 56 57 27 9 58 43 85 42 7
26 2 42 0 80 38 24 29 9 99 41 26 33 35 10 62 20 55 64 77 30
6 38 37 80 0 87 73 87 67 42 4 98 97 1 94 99 57 72 4 13 49
47 24 95 38 87 0 30 90 44 52 89 75 57 38 43 24 5 80 2 67 63
89 72 27 24 73 30 0 68 68 44 40 4 14 25 75 78 67 18 30 69 14
92 25 35 29 87 90 68 0 93 31 82 100 40 77 71 48 55 60 7 15 67
87 24 68 9 67 44 68 93 0 96 82 99 37 75 68 95 25 86 46 3 6
23 67 77 99 42 52 44 31 96 0 99 40 99 5 94 92 59 26 75 35 53
65 70 24 41 4 89 40 82 82 99 0 50 30 97 80 72 57 75 48 63 88
94 2 18 26 98 75 4 100 99 40 50 0 27 74 2 22 50 33 15 26 34
47 20 56 33 97 57 14 40 37 99 30 27 0 40 42 89 3 7 23 69 42
33 0 57 35 1 38 25 77 75 5 97 74 40 0 48 91 77 11 35 30 55
75 26 27 10 94 43 75 71 68 94 80 2 42 48 0 34 12 100 56 6 78
1 52 9 62 99 24 78 48 95 92 72 22 89 91 34 0 19 100 56 51 13
50 28 58 20 57 5 67 55 25 59 57 50 3 77 12 19 0 2 43 100 95
73 2 43 55 72 80 18 60 86 26 75 33 7 11 100 100 2 0 90 24 47
35 28 85 64 4 2 30 7 46 75 48 15 23 35 56 56 43 90 0 39 51
62 71 42 77 13 67 69 15 3 35 63 26 69 30 6 51 100 24 39 0 46
7 40 7 30 49 63 14 67 6 53 88 34 42 55 78 13 95 47 51 46 0
