25 2
32 93 65 90 58 68 96 20 59 67 80 58 87 3 26 6 91 15 23 78 81 36 40 90 37
0 0 31 15 78 54 95 37 91 65 64 77 25 34 78 50 50 90 14 28 27 26 64 33 51 82
0 0 67 61 65 0 20 92 36 67 53 49 20 80 56 59 12 53 80 59 36 51 69 39 49 50
31 67 0 33 51 62 100 86 48 57 78 47 13 3 98 70 6 74 0 44 60 72 76 52 26 30
15 61 33 0 93 67 68 89 76 31 70 56 28 92 14 56 32 23 97 69 20 68 31 51 78 83
78 65 51 93 0 5 27 29 45 97 2 63 17 64 76 18 27 8 25 12 94 75 4 28 42 66
54 0 62 67 5 0 66 29 60 49 1 50 77 94 43 0 88 29 30 95 18 55 8 73 25 38
95 20 100 68 27 66 0 86 60 51 44 1 14 18 34 12 82 77 78 31 90 17 49 2 6 65
37 92 86 89 29 29 86 0 20 89 5 23 37 57 39 18 47 84 31 17 70 0 79 7 50 44
91 36 48 76 45 60 60 20 0 100 89 99 90 85 52 56 76 85 14 1 24 50 47 35 87 11
65 67 57 31 97 49 51 89 100 0 8 95 37 23 37 8 79 90 60 72 80 100 50 72 69 86
64 53 78 70 2 1 44 5 89 8 0 2 4 60 40 45 67 19 35 69 75 27 39 35 70 39
77 49 47 56 63 50 1 23 99 95 2 0 32 59 47 96 94 94 38 35 39 60 93 54 43 10
25 20 13 28 17 77 14 37 90 37 4 32 0 28 80 89 21 76 20 55 89 60 12 61 58 19
34 80 3 92 64 94 18 57 85 23 60 59 28 0 20 26 30 17 66 36 45 64 70 62 44 92
78 56 98 14 76 43 34 39 52 37 40 47 80 20 0 55 80 20 0 18 25 70 62 49 98 28
50 59 70 56 18 0 12 18 56 8 45 96 89 26 55 0 84 25 55 5 34 77 31 69 38 54
50 12 6 32 27 88 82 47 76 79 67 94 21 30 80 84 0 42 19 40 7 85 95 58 93 45
90 53 74 23 8 29 77 84 85 90 19 94 76 17 20 25 42 0 55 53 59 18 6 74 73 21
14 80 0 97 25 30 78 31 14 60 35 38 20 66 0 55 19 55 0 44 84 42 76 15 85 47
28 59 44 69 12 95 31 17 1 72 69 35 55 36 18 5 40 53 44 0 46 22 37 92 41 82
27 36 60 20 94 18 90 70 24 80 75 39 89 45 25 34 7 59 84 46 0 31 64 72 76 69
26 51 72 68 75 55 17 0 50 100 27 60 60 64 70 77 85 18 42 22 31 0 46 70 4 37
64 69 76 31 4 8 49 79 47 50 39 93 12 70 62 31 95 6 76 37 64 46 0 64 53 23
33 39 52 51 28 73 2 7 35 72 35 54 61 62 49 69 58 74 15 92 72 70 64 0 10 76
51 49 26 78 42 25 6 50 87 69 70 43 58 44 98 38 93 73 85 41 76 4 53 10 0 17
82 50 30 83 66 38 65 44 11 86 39 10 19 92 28 54 45 21 47 82 69 37 23 76 17 0
