30 2
90 7 42 16 77 24 58 80 96 35 47 51 3 68 12 35 81 21 62 69 32 32 62 12 3 24 49 52 80 61
0 40 13 81 89 43 49 68 33 33 56 22 52 89 77 55 15 7 37 9 30 45 28 3 52 76 78 11 25 38 77
40 0 75 3 55 77 99 46 83 57 53 91 38 51 52 81 92 62 85 30 89 95 93 77 59 51 49 69 84 81 1
13 75 0 43 58 46 44 7 33 94 0 48 37 67 4 31 39 55 93 67 88 9 27 54 4 24 17 22 39 6 70
81 3 43 0 58 68 73 29 5 99 92 9 31 35 0 42 98 70 61 42 39 6 75 28 12 33 66 57 38 53 29
89 55 58 58 0 90 12 52 15 6 4 4 82 20 75 55 12 2 3 73 77 78 95 75 0 30 98 24 15 20 23
43 77 46 68 90 0 60 57 84 18 82 59 51 71 61 33 73 2 11 98 38 55 18 21 23 14 45 50 31 47 16
49 99 44 73 12 60 0 23 26 77 21 78 67 45 90 12 99 24 61 78 14 68 70 67 44 34 42 43 93 55 17
68 46 7 29 52 57 23 0 72 85 32 42 81 34 9 66 48 45 41 22 3 85 19 80 88 51 76 11 40 23 86
33 83 33 5 15 84 26 72 0 19 68 23 3 39 4 29 46 56 18 36 80 99 27 1 91 37 10 11 52 74 35
33 57 94 99 6 18 77 85 19 0 100 23 41 88 10 32 22 34 32 48 75 89 30 66 50 70 14 1 12 52 98
56 53 0 92 4 82 21 32 68 100 0 25 47 90 97 24 8 44 71 93 72 42 24 79 1 40 59 17 7 55 90
22 91 48 9 4 59 78 42 23 23 25 0 18 49 15 99 50 21 76 34 16 71 67 99 11 38 69 42 2 5 32
52 38 37 31 82 51 67 81 3 41 47 18 0 31 52 57 83 70 19 89 58 61 11 98 2 5 37 31 53 40 81
89 51 67 35 20 71 45 34 39 88 90 49 31 0 30 78 37 44 35 36 75 98 34 30 30 51 2 77 83 79 4
77 52 4 0 75 61 90 9 4 10 97 15 52 30 0 91 94 98 36 24 97 71 35 77 28 2 68 36 60 29 100
55 81 31 42 55 33 12 66 29 32 24 99 57 78 91 0 60 1 20 33 79 47 56 7 52 26 91 0 6 92 13
15 92 39 98 12 73 99 48 46 22 8 50 83 37 94 60 0 73 62 40 73 93 37 86 59 51 43 38 82 52 95
7 62 55 70 2 2 24 45 56 34 44 21 70 44 98 1 73 0 84 2 43 25 40 86 80 87 36 1 35 47 96
37 85 93 61 3 11 61 41 18 32 71 76 19 35 36 20 62 84 0 82 68 97 41 45 22 27 54 95 85 22 22
9 30 67 42 73 98 78 22 36 48 93 34 89 36 24 33 40 2 82 0 65 39 2 50 31 49 9 7 13 0 63
30 89 88 39 77 38 14 3 80 75 72 16 58 75 97 79 73 43 68 65 0 71 57 29 63 78 5 0 25 34 78
45 95 9 6 78 55 68 85 99 89 42 71 61 98 71 47 93 25 97 39 71 0 43 53 90 95 33 7 93 45 80
28 93 27 75 95 18 70 19 27 30 24 67 11 34 35 56 37 40 41 2 57 43 0 78 76 48 3 90 79 4 100
3 77 54 28 75 21 67 80 1 66 79 99 98 30 77 7 86 86 45 50 29 53 78 0 88 72 37 93 54 13 15
52 59 4 12 0 23 44 88 91 50 1 11 2 30 28 52 59 80 22 31 63 90 76 88 0 71 15 66 59 59 84
76 51 24 33 30 14 34 51 37 70 40 38 5 51 2 26 51 87 27 49 78 95 48 72 71 0 83 79 69 54 37
78 49 17 66 98 45 42 76 10 14 59 69 37 2 68 91 43 36 54 9 5 33 3 37 15 83 0 34 69 7 75
11 69 22 57 24 50 43 11 11 1 17 42 31 77 36 0 38 1 95 7 0 7 90 93 66 79 34 0 84 57 50
25 84 39 38 15 31 93 40 52 12 7 2 53 83 60 6 82 35 85 13 25 93 79 54 59 69 69 84 0 79 26
38 81 6 53 20 47 55 23 74 52 55 5 40 79 29 92 52 47 22 0 34 45 4 13 59 54 7 57 79 0 81
77 1 70 29 23 16 17 86 35 98 90 32 81 4 100 13 95 96 22 63 78 80 100 15 84 37 75 50 26 81 0
