5 2
35 71 75 68 83
0 76 23 28 80 81
76 0 82 54 85 53
23 82 0 91 86 22
28 54 91 0 88 74
80 85 86 88 0 58
81 53 22 74 58 0
