10 4
3306 21 797 2076 2479 130 2375 1812 292 2324
0 1252 4017 1286 2770 3599 4727 3448 2977 1438 2066
1252 0 1228 3450 374 4750 4724 4977 1267 469 2249
4017 1228 0 935 1811 319 1917 3200 557 2619 3996
1286 3450 935 0 4086 4391 1198 4576 4467 1537 4772
2770 374 1811 4086 0 986 4746 4033 2002 3729 1345
3599 4750 319 4391 986 0 4089 3289 4747 489 1401
4727 4724 1917 1198 4746 4089 0 541 1113 2207 2366
3448 4977 3200 4576 4033 3289 541 0 972 1838 1918
2977 1267 557 4467 2002 4747 1113 972 0 4697 3315
1438 469 2619 1537 3729 489 2207 1838 4697 0 3166
2066 2249 3996 4772 1345 1401 2366 1918 3315 3166 0
