10 2
80 0 78 63 42 31 93 41 90 8
0 49 97 53 5 33 65 62 51 100 38
49 0 61 45 74 27 64 17 36 17 96
97 61 0 12 79 32 68 90 77 18 39
53 45 12 0 12 93 9 87 42 60 71
5 74 79 12 0 12 45 55 40 78 81
33 27 32 93 12 0 26 70 61 56 66
65 64 68 9 45 26 0 33 7 70 1
62 17 90 87 55 70 33 0 11 92 51
51 36 77 42 40 61 7 11 0 90 100
100 17 18 60 78 56 70 92 90 0 85
38 96 39 71 81 66 1 51 100 85 0
