15 2
67 35 66 30 27 86 75 53 74 35 57 63 84 82 89
0 49 97 53 5 33 65 62 51 100 38 61 45 74 27 64
49 0 17 36 17 96 12 79 32 68 90 77 18 39 12 93
97 17 0 9 87 42 60 71 12 45 55 40 78 81 26 70
53 36 9 0 61 56 66 33 7 70 1 11 92 51 90 100
5 17 87 61 0 85 80 0 78 63 42 31 93 41 90 8
33 96 42 56 85 0 24 72 28 30 18 69 57 11 10 40
65 12 60 66 80 24 0 65 62 13 38 70 37 90 15 70
62 79 71 33 0 72 65 0 42 69 26 77 70 75 36 56
51 32 12 7 78 28 62 42 0 11 76 49 40 73 30 37
100 68 45 70 63 30 13 69 11 0 23 24 23 4 78 84
38 90 55 1 42 18 38 26 76 23 0 33 60 8 11 86
61 77 40 11 31 69 70 77 49 24 33 0 96 16 19 4
45 18 78 92 93 57 37 70 40 23 60 96 0 10 89 69
74 39 81 51 41 11 90 75 73 4 8 16 10 0 87 50
27 12 26 90 90 10 15 36 30 78 11 19 89 87 0 90
64 93 70 100 8 40 70 56 37 84 86 4 69 50 90 0
