20 2
76 12 89 50 25 33 45 93 60 72 21 89 86 26 98 7 100 86 20 20
0 49 97 53 5 33 65 62 51 100 38 61 45 74 27 64 17 36 17 96 12
49 0 79 32 68 90 77 18 39 12 93 9 87 42 60 71 12 45 55 40 78
97 79 0 81 26 70 61 56 66 33 7 70 1 11 92 51 90 100 85 80 0
53 32 81 0 78 63 42 31 93 41 90 8 24 72 28 30 18 69 57 11 10
5 68 26 78 0 40 65 62 13 38 70 37 90 15 70 42 69 26 77 70 75
33 90 70 63 40 0 36 56 11 76 49 40 73 30 37 23 24 23 4 78 84
65 77 61 42 65 36 0 33 60 8 11 86 96 16 19 4 10 89 69 87 50
62 18 56 31 62 56 33 0 90 67 35 66 30 27 86 75 53 74 35 57 63
51 39 66 93 13 11 60 90 0 84 82 89 45 10 41 78 14 62 75 80 42
100 12 33 41 38 76 8 67 84 0 24 31 2 93 34 14 90 28 47 21 42
38 93 7 90 70 49 11 35 82 24 0 54 7 12 100 18 89 28 5 73 81
61 9 70 8 37 40 86 66 89 31 54 0 68 77 87 9 3 15 81 24 77
45 87 1 24 90 73 96 30 45 2 7 68 0 73 15 50 11 47 14 4 77
74 42 11 72 15 30 16 27 10 93 12 77 73 0 2 24 23 91 15 61 26
27 60 92 28 70 37 19 86 41 34 100 87 15 2 0 93 7 86 2 69 54
64 71 51 30 42 23 4 75 78 14 18 9 50 24 93 0 79 12 33 8 28
17 12 90 18 69 24 10 53 14 90 89 3 11 23 7 79 0 9 82 38 44
36 45 100 69 26 23 89 74 62 28 28 15 47 91 86 12 9 0 55 23 7
17 55 85 57 77 4 69 35 75 47 5 81 14 15 2 33 82 55 0 64 59
96 40 80 11 70 78 87 57 80 21 73 24 4 61 69 8 38 23 64 0 5
12 78 0 10 75 84 50 63 42 42 81 77 77 26 54 28 44 7 59 5 0
