25 2
53 24 70 81 10 92 16 1 51 86 53 40 0 27 1 91 96 0 86 67 78 12 24 15 77
0 49 97 53 5 33 65 62 51 100 38 61 45 74 27 64 17 36 17 96 12 79 32 68 90 77
49 0 18 39 12 93 9 87 42 60 71 12 45 55 40 78 81 26 70 61 56 66 33 7 70 1
97 18 0 11 92 51 90 100 85 80 0 78 63 42 31 93 41 90 8 24 72 28 30 18 69 57
53 39 11 0 11 10 40 65 62 13 38 70 37 90 15 70 42 69 26 77 70 75 36 56 11 76
5 12 92 11 0 49 40 73 30 37 23 24 23 4 78 84 33 60 8 11 86 96 16 19 4 10
33 93 51 10 49 0 89 69 87 50 90 67 35 66 30 27 86 75 53 74 35 57 63 84 82 89
65 9 90 40 40 89 0 45 10 41 78 14 62 75 80 42 24 31 2 93 34 14 90 28 47 21
62 87 100 65 73 69 45 0 42 54 7 12 100 18 89 28 5 73 81 68 77 87 9 3 15 81
51 42 85 62 30 87 10 42 0 24 77 73 15 50 11 47 14 4 77 2 24 23 91 15 61 26
100 60 80 13 37 50 41 54 24 0 93 7 86 2 69 54 79 12 33 8 28 9 82 38 44 55
38 71 0 38 23 90 78 7 77 93 0 23 7 64 59 5 76 12 89 50 25 33 45 93 60 72
61 12 78 70 24 67 14 12 73 7 23 0 21 89 86 26 98 7 100 86 20 20 43 67 32 15
45 45 63 37 23 35 62 100 15 86 7 21 0 76 56 85 22 1 60 87 52 72 65 39 83 45
74 55 42 90 4 66 75 18 50 2 64 89 76 0 49 84 32 19 71 88 1 58 94 10 42 94
27 40 31 15 78 30 80 89 11 69 59 86 56 49 0 5 69 35 17 30 97 61 45 78 36 86
64 78 93 70 84 27 42 28 47 54 5 26 85 84 5 0 45 75 81 79 16 91 39 49 95 53
17 81 41 42 33 86 24 5 14 79 76 98 22 32 69 45 0 83 10 0 76 24 89 42 20 30
36 26 90 69 60 75 31 73 4 12 12 7 1 19 35 75 83 0 28 81 57 48 90 86 72 53
17 70 8 26 8 53 2 81 77 33 89 100 60 71 17 81 10 28 0 4 51 89 72 53 98 84
96 61 24 77 11 74 93 68 2 8 50 86 87 88 30 79 0 81 4 0 90 5 21 57 8 33
12 56 72 70 86 35 34 77 24 28 25 20 52 1 97 16 76 57 51 90 0 89 20 57 67 62
79 66 28 75 96 57 14 87 23 9 33 20 72 58 61 91 24 48 89 5 89 0 71 77 96 0
32 33 30 36 16 63 90 9 91 82 45 43 65 94 45 39 89 90 72 21 20 71 0 4 63 41
68 7 18 56 19 84 28 3 15 38 93 67 39 10 78 49 42 86 53 57 57 77 4 0 39 59
90 70 69 11 4 82 47 15 61 44 60 32 83 42 36 95 20 72 98 8 67 96 63 39 0 6
77 1 57 76 10 89 21 81 26 55 72 15 45 94 86 53 30 53 84 33 62 0 41 59 6 0
