5 2
17 36 17 96 12
0 49 97 53 5 33
49 0 65 62 51 100
97 65 0 38 61 45
53 62 38 0 74 27
5 51 61 74 0 64
33 100 45 27 64 0
