7 2
93 9 87 42 60 71 12
0 49 97 53 5 33 65 62
49 0 51 100 38 61 45 74
97 51 0 27 64 17 36 17
53 100 27 0 96 12 79 32
5 38 64 96 0 68 90 77
33 61 17 12 68 0 18 39
65 45 36 79 90 18 0 12
62 74 17 32 77 39 12 0
