8 2
55 40 78 81 26 70 61 56
0 49 97 53 5 33 65 62 51
49 0 100 38 61 45 74 27 64
97 100 0 17 36 17 96 12 79
53 38 17 0 32 68 90 77 18
5 61 36 32 0 39 12 93 9
33 45 17 68 39 0 87 42 60
65 74 96 90 12 87 0 71 12
62 27 12 77 93 42 71 0 45
51 64 79 18 9 60 12 45 0
