9 2
33 7 70 1 11 92 51 90 100
0 49 97 53 5 33 65 62 51 100
49 0 38 61 45 74 27 64 17 36
97 38 0 17 96 12 79 32 68 90
53 61 17 0 77 18 39 12 93 9
5 45 96 77 0 87 42 60 71 12
33 74 12 18 87 0 45 55 40 78
65 27 79 39 42 45 0 81 26 70
62 64 32 12 60 55 81 0 61 56
51 17 68 93 71 40 26 61 0 66
100 36 90 9 12 78 70 56 66 0
